1.0
0.99984769515639123915701155881391
0.99939082701909573000624344004393
0.99862953475457387378449205843944
0.99756405025982424761316268064426
0.99619469809174553229501040247389
0.99452189536827333692269194498057
0.99254615164132203498006158933058
0.99026806874157031508377486734485
0.98768834059513772619004024769344
0.98480775301220805936674302458952
0.98162718344766395349650489981814
0.9781476007338056379285667478696
0.97437006478523522853969448008827
0.97029572627599647230637787403399
0.9659258262890682867497431997289
0.96126169593831886191649704855706
0.95630475596303548133865081661842
0.95105651629515357211643933337938
0.9455185755993168103481247075194
0.93969262078590838405410927732473
0.93358042649720174899004306313957
0.92718385456678740080647445113696
0.92050485345244032739689472330046
0.91354545764260089550212757198532
0.90630778703664996324255265675432
0.89879404629916699278229567669579
0.89100652418836786235970957141363
0.88294759285892694203217136031572
0.87461970713939580028463695866108
0.86602540378443864676372317075294
0.85716730070211228746521798014476
0.84804809615642597038617617869039
0.83867056794542402963759094180455
0.82903757255504169200633684150164
0.81915204428899178968448838591684
0.80901699437494742410229341718282
0.79863551004729284628400080406894
0.78801075360672195669397778783585
0.7771459614569708799799377436724
0.76604444311897803520239265055542
0.75470958022277199794298421956102
0.74314482547739423501469704897426
0.73135370161917048328754360827562
0.71933980033865113935605467445671
0.70710678118654752440084436210485
0.69465837045899728665640629942269
0.68199836006249850044222578471113
0.66913060635885821382627333068678
0.65605902899050728478249596402342
0.64278760968653932632264340990726
0.62932039104983745270590245827997
0.61566147532565827966881109284366
0.60181502315204827991797700044149
0.58778525229247312916870595463907
0.57357643635104609610803191282616
0.55919290347074683016042813998599
0.54463903501502708222408369208157
0.52991926423320495404678115181609
0.51503807491005421008163193639814
0.5
0.48480962024633702907537962241578
0.46947156278589077595946228822784
0.45399049973954679156040836635787
0.43837114678907741745273454065827
0.42261826174069943618697848964773
0.4067366430758002077539859903415
0.39073112848927375506208458888909
0.3746065934159120354149637745012
0.35836794954530027348413778941347
0.34202014332566873304409961468226
0.32556815445715666871400893579472
0.30901699437494742410229341718282
0.29237170472273672809746869537714
0.2756373558169991856499715746113
0.25881904510252076234889883762405
0.24192189559966772256044237410035
0.2249510543438649980511072083428
0.20791169081775933710174228440513
0.19080899537654481240514048795839
0.17364817766693034885171662676931
0.15643446504023086901010531946717
0.13917310096006544411249666330111
0.12186934340514748111289391923153
0.1045284632676534713998341548025
0.08715574274765817355806427083747
0.06975647374412530077595883519414
0.05233595624294383272211862960908
0.03489949670250097164599518162533
0.01745240643728351281941897851632
-0.98768834059513772619004024769344
-0.98480775301220805936674302458952
-0.98162718344766395349650489981814
-0.9781476007338056379285667478696
-0.97437006478523522853969448008827
-0.97029572627599647230637787403399
-0.9659258262890682867497431997289
-0.96126169593831886191649704855706
-0.95630475596303548133865081661842
-0.95105651629515357211643933337938
-0.9455185755993168103481247075194
-0.93969262078590838405410927732473
-0.93358042649720174899004306313957
-0.92718385456678740080647445113696
-0.92050485345244032739689472330046
-0.91354545764260089550212757198532
-0.90630778703664996324255265675432
-0.89879404629916699278229567669579
-0.89100652418836786235970957141363
-0.88294759285892694203217136031572
-0.87461970713939580028463695866108
-0.86602540378443864676372317075294
-0.85716730070211228746521798014476
-0.84804809615642597038617617869039
-0.83867056794542402963759094180455
-0.82903757255504169200633684150164
-0.81915204428899178968448838591684
-0.80901699437494742410229341718282
-0.79863551004729284628400080406894
-0.78801075360672195669397778783585
-0.7771459614569708799799377436724
-0.76604444311897803520239265055542
-0.75470958022277199794298421956102
-0.74314482547739423501469704897426
-0.73135370161917048328754360827562
-0.71933980033865113935605467445671
-0.70710678118654752440084436210485
-0.69465837045899728665640629942269
-0.68199836006249850044222578471113
-0.66913060635885821382627333068678
-0.65605902899050728478249596402342
-0.64278760968653932632264340990726
-0.62932039104983745270590245827997
-0.61566147532565827966881109284366
-0.60181502315204827991797700044149
-0.58778525229247312916870595463907
-0.57357643635104609610803191282616
-0.55919290347074683016042813998599
-0.54463903501502708222408369208157
-0.52991926423320495404678115181609
-0.51503807491005421008163193639814
-0.5
-0.48480962024633702907537962241578
-0.46947156278589077595946228822784
-0.45399049973954679156040836635787
-0.43837114678907741745273454065827
-0.42261826174069943618697848964773
-0.4067366430758002077539859903415
-0.39073112848927375506208458888909
-0.3746065934159120354149637745012
-0.35836794954530027348413778941347
-0.34202014332566873304409961468226
-0.32556815445715666871400893579472
-0.30901699437494742410229341718282
-0.29237170472273672809746869537714
-0.2756373558169991856499715746113
-0.25881904510252076234889883762405
-0.24192189559966772256044237410035
-0.2249510543438649980511072083428
-0.20791169081775933710174228440513
-0.19080899537654481240514048795839
-0.17364817766693034885171662676931
-0.15643446504023086901010531946717
-0.13917310096006544411249666330111
-0.12186934340514748111289391923153
-0.1045284632676534713998341548025
-0.08715574274765817355806427083747
-0.06975647374412530077595883519414
-0.05233595624294383272211862960908
-0.03489949670250097164599518162533
-0.01745240643728351281941897851632
0.0
0.01745240643728351281941897851632
0.03489949670250097164599518162533
0.05233595624294383272211862960908
0.06975647374412530077595883519414
0.08715574274765817355806427083747
0.1045284632676534713998341548025
0.12186934340514748111289391923153
0.13917310096006544411249666330111
0.15643446504023086901010531946717
0.17364817766693034885171662676931
0.19080899537654481240514048795839
0.20791169081775933710174228440513
0.2249510543438649980511072083428
0.24192189559966772256044237410035
0.25881904510252076234889883762405
0.2756373558169991856499715746113
0.29237170472273672809746869537714
0.30901699437494742410229341718282
0.32556815445715666871400893579472
0.34202014332566873304409961468226
0.35836794954530027348413778941347
0.3746065934159120354149637745012
0.39073112848927375506208458888909
0.4067366430758002077539859903415
0.42261826174069943618697848964773
0.43837114678907741745273454065827
0.45399049973954679156040836635787
0.46947156278589077595946228822784
0.48480962024633702907537962241578
0.5
0.51503807491005421008163193639814
0.52991926423320495404678115181609
0.54463903501502708222408369208157
0.55919290347074683016042813998599
0.57357643635104609610803191282616
0.58778525229247312916870595463907
0.60181502315204827991797700044149
0.61566147532565827966881109284366
0.62932039104983745270590245827997
0.64278760968653932632264340990726
0.65605902899050728478249596402342
0.66913060635885821382627333068678
0.68199836006249850044222578471113
0.69465837045899728665640629942269
0.70710678118654752440084436210485
0.71933980033865113935605467445671
0.73135370161917048328754360827562
0.74314482547739423501469704897426
0.75470958022277199794298421956102
0.76604444311897803520239265055542
0.7771459614569708799799377436724
0.78801075360672195669397778783585
0.79863551004729284628400080406894
0.80901699437494742410229341718282
0.81915204428899178968448838591684
0.82903757255504169200633684150164
0.83867056794542402963759094180455
0.84804809615642597038617617869039
0.85716730070211228746521798014476
0.86602540378443864676372317075294
0.87461970713939580028463695866108
0.88294759285892694203217136031572
0.89100652418836786235970957141363
0.89879404629916699278229567669579
0.90630778703664996324255265675432
0.91354545764260089550212757198532
0.92050485345244032739689472330046
0.92718385456678740080647445113696
0.93358042649720174899004306313957
0.93969262078590838405410927732473
0.9455185755993168103481247075194
0.95105651629515357211643933337938
0.95630475596303548133865081661842
0.96126169593831886191649704855706
0.9659258262890682867497431997289
0.97029572627599647230637787403399
0.97437006478523522853969448008827
0.9781476007338056379285667478696
0.98162718344766395349650489981814
0.98480775301220805936674302458952
0.98768834059513772619004024769344
0.99026806874157031508377486734485
0.99254615164132203498006158933058
0.99452189536827333692269194498057
0.99619469809174553229501040247389
0.99756405025982424761316268064426
0.99862953475457387378449205843944
0.99939082701909573000624344004393
0.99984769515639123915701155881391
